000810 36475.43956634402
001450 38402.76639473438
002240 38266.21990973875
005940 35384.29554968886
021240 41292.135081647895
005940 14.045935011468828
005940 14.291064991615713
005940 14.073732594028115
021240 15.123036369681358
021240 15.597347785718739
021240 15.072235279716551
024110 42932.873429160565
030720 45067.41157987714
035250 44311.48154134583
021240 25521.20586192608
055550 12091.67694097478
051900 25241.68330046162
002240 22015.52402776573
030720 19440.986624782905
055550 22060.83488516137
035250 23152.26438274514
030720 19.295869919471443
035250 18.782313053496182
051900 19.134516956284642
055550 18.86871873959899
055550 40.54100813064724
051900 44.64617203082889
035250 41.80313153937459
030720 47.016488671302795
021240 47.45910666324198
002240 41.64124416001141
001450 38690.767671691254
024110 40781.18515461963
001450 25.645900920033455
024110 24.326860438100994
001450 49.42097279429436
024110 24.550287075340748
035250 25.282827911898494
005940 27762.21827597171
000810 29098.507699468173
035250 29900.206444571726
024110 31684.37775615137
